#'@docType data
#'@name FortytwoSTR
#'@title Information of 42 autosomal STRs
#'@description Example of the results achieved by "EvaluatePanel" function
#'@format A list of 3 vectors: i) a list nameed afmatrix containing 42 data.frames, each of which exhibiting the allele frequecies of alleles on a locus with the row names being the corresponding names of such alleles; ii) a data.fram with 1 row and 42 columns containing the frequencies of rare alleles on the 42 loci; and iii) a data.frame named indicators with 42 columns and 12 rows containing the main effeciency indicators of the 42 loci.

FortytwoSTR<-list(afmatrix = list(D19S433 = data.frame(Freq=c(0.0035,0.0372,0.0040,0.2767,0.0432,0.2584,0.1220,0.0734,0.1414,0.0104,0.0258,0.0025,0.0015),
                                                       row.names = c("11","12","12.2","13","13.2","14","14.2","15","15.2","16","16.2","17","17.2")),
                                  D5S818 = data.frame(Freq=c(0.0010,0.0174,0.0030,0.0749,0.1835,0.3264,0.2336,0.1503,0.0084,0.0015),
                                                      row.names = c("6","7","8","9","10","11","12","13","14","15")),
                                  D21S11 = data.frame(Freq=c(0.0005,0.0040,0.0005,0.0437,0.0099,0.2802,0.0030,0.2737,0.0134,0.0040,0.1105,0.0724,0.0005,0.0283,0.1047,0.0050,0.0010,0.0382,0.0005,0.0050,0.0005,0.0005),
                                                      row.names = c("26","27","27.2","28","28.2","29","29.2","30","30.2","30.3","31","31.2","31.3","32","32.2","33","33.1","33.2","34.1","34.2","35.2","36.2")),
                                  D18S51 = data.frame(Freq=c(0.0005,0.0005,0.0025,0.0317,0.2043,0.2128,0.1796,0.1260,0.0640,0.0382,0.0466,0.0362,0.0298,0.0164,0.0064,0.0030,0.0010,0.0005),
                                                      row.names = c("9","10","11","12","13","14","15","16","17","18","19","20","21","22","23","24","25","27")),
                                  D6S1043 = data.frame(Freq=c(0.0005,0.0010,0.0367,0.0967,0.1379,0.1250,0.1260,0.0149,0.0030,0.0481,0.1766,0.1617,0.0005,0.0595,0.0010,0.0074,0.0020,0.0010,0.0005),
                                                       row.names = c("8","9","10","11","12","13","14","15","16","17","18","19","19.3","20","20.3","21","21.3","22","22.3")),
                                  D3S1358 = data.frame(Freq=c(0.0020,0.0417,0.3621,0.3353,0.1820,0.0704,0.0050,0.0015),
                                                       row.names = c("13","14","15","16","17","18","19","20")),
                                  D13S317 = data.frame(Freq=c(0.2570,0.1567,0.1394,0.2312,0.1696,0.0362,0.0089,0.0010),
                                                       row.names = c("8","9","10","11","12","13","14","15")),
                                  D7S820 = data.frame(Freq=c(0.0015,0.1528,0.0585,0.0064,0.1508,0.0010,0.3339,0.2440,0.0466,0.0045),
                                                      row.names = c("7","8","9","9.1","10","10.1","11","12","13","14")),
                                  D16S539 = data.frame(Freq=c(0.0104,0.2808,0.1235,0.2535,0.2078,0.1091,0.0139,0.0010),
                                                       row.names = c("8","9","10","11","12","13","14","15")),
                                  CSF1PO = data.frame(Freq=c(0.0035,0.0491,0.2426,0.2341,0.3834,0.0744,0.0124,0.0005),
                                                      row.names = c("8","9","10","11","12","13","14","15")),
                                  PentaD = data.frame(Freq=c(0.0005,0.0035,0.0079,0.0407,0.3034,0.1181,0.1563,0.1850,0.0005,0.1310,0.0437,0.0079,0.0015),
                                                      row.names = c("5","6","7","8","9","10","11","12","12.1","13","14","15","16")),
                                  vWA = data.frame(Freq=c(0.0005,0.0005,0.0020,0.2336,0.0372,0.1930,0.2490,0.1875,0.0818,0.0134,0.0015),
                                                   row.names = c("10","11","13","14","15","16","17","18","19","20","21")),
                                  D8S1179 = data.frame(Freq=c(0.0015,0.0005,0.1022,0.0818,0.1235,0.2143,0.2078,0.1776,0.0774,0.0109,0.0025),
                                                       row.names = c("8","9","10","11","12","13","14","15","16","17","18")),
                                  TPOX = data.frame(Freq=c(0.5247,0.1280,0.0184,0.2971,0.0303,0.0010,0.0005),
                                                    row.names = c("8","9","10","11","12","13","14")),
                                  PentaE = data.frame(Freq=c(0.0471,0.0005,0.0035,0.0040,0.0074,0.0441,0.1244,0.1066,0.0516,0.0779,0.1032,0.0923,0.0898,0.0005,0.0704,0.0005,0.0010,0.0605,0.0005,0.0526,0.0313,0.0154,0.0074,0.0040,0.0015,0.0015,0.0005),
                                                      row.names = c("5","6","7","8","9","10","11","12","13","14","15","16","17","17.4","18","18.3","18.4","19","19.4","20","21","22","23","24","25","26","27")),
                                  TH01 = data.frame(Freq=c(0.1086,0.2500,0.0516,0.5263,0.0402,0.0223,0.0005,0.0005),
                                                    row.names = c("6","7","8","9","9.3","10","11","12")),
                                  D12S391 = data.frame(Freq=c(0.0005,0.0134,0.0094,0.0893,0.0005,0.2291,0.0035,0.2108,0.0010,0.1820,0.1057,0.0903,0.0387,0.0144,0.0084,0.0030),
                                                       row.names = c("14","15","16","17","17.3","18","18.3","19","19.2","20","21","22","23","24","25","26")),
                                  D2S1338 = data.frame(Freq=c(0.0005,0.0104,0.0590,0.1027,0.1612,0.1314,0.0263,0.0407,0.2182,0.1622,0.0685,0.0159,0.0030),
                                                       row.names = c("15","16","17","18","19","20","21","22","23","24","25","26","27")),
                                  FGA = data.frame(Freq=c(0.0015,0.0005,0.0015,0.0218,0.0496,0.0516,0.1042,0.0010,0.1597,0.0060,0.2454,0.0069,0.1806,0.0040,0.1052,0.0020,0.0451,0.0020,0.0089,0.0010,0.0010,0.0005),
                                                   row.names = c("14","16.2","17","18","19","20","21","21.2","22","22.2","23","23.2","24","24.2","25","25.2","26","26.2","27","28","29","30")),
                                  D6S477 = data.frame(Freq=c(0.0005,0.0005,0.0131,0.0005,0.0039,0.0584,0.2137,0.1972,0.2888,0.1899,0.0248,0.0063,0.0019,0.0005),
                                                      row.names = c("9","9.2","10","10.2","11","12","13","14","15","16","17","18","19","20")),
                                  D18S535 = data.frame(Freq=c(0.0005,0.1845,0.0550,0.0170,0.1100,0.2386,0.2863,0.0964,0.0117),
                                                       row.names = c("8","9","10","11","12","13","14","15","16")),
                                  D19S253 = data.frame(Freq=c(0.1670,0.0380,0.0093,0.0214,0.0005,0.1602,0.0005,0.3280,0.2045,0.0643,0.0063),
                                                       row.names = c("7","8","9","10","10.1","11","11.1","12","13","14","15")),
                                  D15S659 = data.frame(Freq=c(0.0034,0.0019,0.0185,0.1500,0.2314,0.1319,0.0467,0.1636,0.1548,0.0813,0.0136,0.0029),
                                                       row.names = c("8","9","10","11","12","13","14","15","16","17","18","19")),
                                  D11S2368 = data.frame(Freq=c(0.0005,0.0039,0.0292,0.1456,0.0944,0.1709,0.0005,0.1806,0.2205,0.0969,0.0458,0.0102,0.0005,0.0005),
                                                        row.names = c("14","15","16","17","18","19","19.2","20","21","22","23","24","25","26")),
                                  D20S470 = data.frame(Freq=c(0.0005,0.0029,0.0019,0.0166,0.1504,0.0316,0.0433,0.1280,0.1534,0.1582,0.1802,0.0896,0.0346,0.0083,0.0005),
                                                       row.names = c("3","6","8","9","10","11","12","13","14","15","16","17","18","19","20")),